-60.000000 -0.024952
-59.000000 -0.024879
-58.000000 -0.022181
-57.000000 -0.019345
-56.000000 -0.019074
-55.000000 -0.018210
-54.000000 -0.018077
-53.000000 -0.016577
-52.000000 -0.016803
-51.000000 -0.016309
-50.000000 -0.015028
-49.000000 -0.015187
-48.000000 -0.011915
-47.000000 -0.009123
-46.000000 -0.007816
-45.000000 -0.009080
-44.000000 -0.009040
-43.000000 -0.009415
-42.000000 -0.008335
-41.000000 -0.005560
-40.000000 -0.001822
-39.000000 0.001962
-38.000000 0.005500
-37.000000 0.013019
-36.000000 0.012317
-35.000000 0.014002
-34.000000 0.011170
-33.000000 0.010970
-32.000000 0.012686
-31.000000 0.010830
-30.000000 0.007437
-29.000000 0.006018
-28.000000 0.005882
-27.000000 0.004002
-26.000000 0.003482
-25.000000 0.002876
-24.000000 0.005036
-23.000000 0.005511
-22.000000 0.005448
-21.000000 0.001916
-20.000000 0.001069
-19.000000 0.000011
-18.000000 0.000079
-17.000000 0.000236
-16.000000 -0.000296
-15.000000 -0.000675
-14.000000 -0.000747
-13.000000 -0.000329
-12.000000 0.000131
-11.000000 0.000154
-10.000000 0.001843
-9.000000 0.005683
-8.000000 0.007449
-7.000000 0.006600
-6.000000 0.005854
-5.000000 0.004886
-4.000000 0.004303
-3.000000 0.003960
-2.000000 0.003105
-1.000000 0.001188
0.000000 0.000000
1.000000 0.007076
2.000000 0.005627
3.000000 0.006842
4.000000 0.007606
5.000000 0.007953
6.000000 0.010260
7.000000 0.011298
8.000000 0.012411
9.000000 0.013167
10.000000 0.015263
11.000000 0.016840
12.000000 0.020148
13.000000 0.020029
14.000000 0.020003
15.000000 0.021873
16.000000 0.023873
17.000000 0.024852
18.000000 0.025819
19.000000 0.024370
20.000000 0.025773
21.000000 0.027477
22.000000 0.028430
23.000000 0.027091
24.000000 0.025230
25.000000 0.024219
26.000000 0.022143
27.000000 0.020290
28.000000 0.020120
29.000000 0.019753
30.000000 0.020343
31.000000 0.020326
32.000000 0.021138
33.000000 0.021831
34.000000 0.020972
35.000000 0.018363
36.000000 0.016684
37.000000 0.017449
38.000000 0.015019
39.000000 0.011596
40.000000 0.010819
41.000000 0.010339
42.000000 0.007544
43.000000 0.005460
44.000000 0.004599
45.000000 0.005285
46.000000 0.003831
47.000000 -0.000021
48.000000 -0.004141
49.000000 -0.003497
50.000000 -0.000971
51.000000 -0.000750
52.000000 -0.000024
53.000000 -0.002234
54.000000 -0.001563
55.000000 -0.002661
56.000000 -0.004628
57.000000 -0.000565
58.000000 0.001395
59.000000 0.000642
60.000000 -0.000344
