--------------result for group Beat--------------
Avg_AAR
-0.000606347,-0.0003762,0.00262272,0.00206596,0.000300951,0.000114254,0.000907393,0.000435393,0.000556382,0.00064867,0.00091483,0.000542814,0.00341471,0.00241185,0.00205181,-0.000848272,0.00116212,0.000608893,0.00149225,0.00385489,0.00320214,0.0043324,0.00253952,0.0098507,0.000801656,0.00109492,-0.00289493,-0.000712773,0.00210847,-0.00169334,-0.0024126,-0.00050009,0.0004993,-0.00210946,-0.00127236,-0.000511445,0.00131373,0.000430906,-0.000109827,-0.00316199,-0.000991912,-0.0013604,3.48745e-05,-0.000662042,-0.000693801,-0.000130365,-0.000645487,0.000838195,0.000286158,-0.000292463,0.00198298,0.00318291,0.00205879,-0.000958998,-0.000384154,-0.00079774,-0.000886424,-0.00028691,-0.000867048,-0.00122943,-0.00134411,0.00673054,-0.00105778,0.00247945,0.00119967,0.00108614,0.00229476,0.000845506,0.00134775,0.000370601,0.00237815,0.00139513,0.00272197,-0.000321099,-0.000300998,0.00202775,0.00163912,0.000719131,0.00126518,-0.00165795,0.00173219,0.00134724,0.000519805,-0.00115567,-0.00166367,-0.00160181,-0.00222364,-0.00218275,-0.000277668,-0.000457156,-0.000210531,-0.000256293,0.000711785,0.00019708,-0.00130452,-0.00238209,-0.00155455,5.54375e-05,-0.00257984,-0.00394202,-0.000399286,-0.00015441,-0.00249894,-0.00199973,-0.00202411,0.000428107,-0.00054199,-0.00388324,-0.0035297,0.000134926,0.00127386,-0.000291111,0.000284296,-0.00166812,0.000690499,-0.000747614,-0.00239883,0.00416216,0.00192229,-0.000657735,-0.000731701,

   AAR_STD
0.00300669,0.00227628,0.00263769,0.00240693,0.00246212,0.00256455,0.00177058,0.00269795,0.00349753,0.00192282,0.00195912,0.00229042,0.00242458,0.00266598,0.00239394,0.00285562,0.00279223,0.00253561,0.00282076,0.00250633,0.00216395,0.00276552,0.00214638,0.00563504,0.00261191,0.00270426,0.00271293,0.0024147,0.00194565,0.00172111,0.00257977,0.00213952,0.00183535,0.00204519,0.00225133,0.00223014,0.00182933,0.00145569,0.00166481,0.00187036,0.00181371,0.00175343,0.00175193,0.0019419,0.00246485,0.00170924,0.00194739,0.00155228,0.00161714,0.00166722,0.00171509,0.00146852,0.00138124,0.00200479,0.00152373,0.00171291,0.00171564,0.00198069,0.00169752,0.00213591,0.00354622,0.00420099,0.0027468,0.00202648,0.00184263,0.0017208,0.001269,0.0016829,0.00198648,0.00192852,0.00143901,0.00177812,0.00161142,0.00165894,0.00118215,0.00177079,0.00164582,0.00144251,0.00207719,0.00177275,0.00196903,0.00146217,0.00155015,0.0015862,0.00129728,0.00164658,0.00136643,0.00161479,0.00121836,0.00161207,0.00158116,0.00197652,0.00204457,0.00142713,0.00167558,0.00155218,0.00137645,0.00145371,0.00158831,0.00143475,0.00133219,0.00152523,0.00182263,0.00179251,0.00148853,0.00159262,0.00155855,0.00157213,0.00146822,0.00166872,0.00145962,0.00165865,0.00240774,0.0019216,0.00160915,0.0014468,0.00167408,0.00196695,0.00187894,0.00145709,0.00171109,

Avg_CAAR
-0.000606347,-0.000982547,0.00164017,0.00370614,0.00400709,0.00412134,0.00502873,0.00546413,0.00602051,0.00666918,0.00758401,0.00812682,0.0115415,0.0139534,0.0160052,0.0151569,0.016319,0.0169279,0.0184202,0.0222751,0.0254772,0.0298096,0.0323491,0.0421998,0.0430015,0.0440964,0.0412015,0.0404887,0.0425972,0.0409038,0.0384912,0.0379911,0.0384904,0.036381,0.0351086,0.0345972,0.0359109,0.0363418,0.036232,0.03307,0.0320781,0.0307177,0.0307526,0.0300905,0.0293967,0.0292664,0.0286209,0.0294591,0.0297452,0.0294528,0.0314357,0.0346186,0.0366774,0.0357184,0.0353343,0.0345365,0.0336501,0.0333632,0.0324962,0.0312667,0.0299226,0.0366532,0.0355954,0.0380748,0.0392745,0.0403606,0.0426554,0.0435009,0.0448486,0.0452192,0.0475974,0.0489925,0.0517145,0.0513934,0.0510924,0.0531201,0.0547593,0.0554784,0.0567436,0.0550856,0.0568178,0.0581651,0.0586849,0.0575292,0.0558655,0.0542637,0.0520401,0.0498573,0.0495796,0.0491225,0.048912,0.0486557,0.0493675,0.0495645,0.04826,0.0458779,0.0443234,0.0443788,0.041799,0.0378569,0.0374577,0.0373033,0.0348043,0.0328046,0.0307805,0.0312086,0.0306666,0.0267833,0.0232536,0.0233886,0.0246624,0.0243713,0.0246556,0.0229875,0.023678,0.0229304,0.0205315,0.0246937,0.026616,0.0259583,0.0252266,

  CAAR_STD
0.00300669,0.00369318,0.00447095,0.00528808,0.00647678,0.0071239,0.0072849,0.00776256,0.00813929,0.00848383,0.00858111,0.00904955,0.00889909,0.00906891,0.00977372,0.0110216,0.0120208,0.012373,0.0132681,0.0129284,0.0130589,0.0119996,0.0125137,0.0127049,0.0133503,0.0131744,0.0133001,0.0132022,0.0132182,0.0134333,0.0135178,0.0136308,0.0143038,0.015044,0.0143707,0.0133683,0.0131259,0.0135988,0.0130248,0.0127877,0.0122769,0.0119626,0.0124069,0.0122831,0.0123575,0.0122994,0.0126042,0.0129767,0.0130088,0.0127136,0.012743,0.0126558,0.0126681,0.0120591,0.0119996,0.0119598,0.0122511,0.0124716,0.0129251,0.0138398,0.0154102,0.0147412,0.0158899,0.01585,0.0165439,0.0170166,0.0171529,0.0171613,0.0168857,0.016868,0.0166324,0.0166806,0.0166033,0.016445,0.0161774,0.0158274,0.0158381,0.0164799,0.016277,0.0166485,0.0170658,0.016767,0.0161794,0.0167712,0.0169019,0.0170161,0.0169829,0.0167118,0.0164837,0.0162123,0.0160217,0.0157243,0.0154173,0.0154468,0.0151513,0.0148763,0.0148792,0.0149762,0.0147649,0.0151674,0.0154783,0.0151438,0.0155262,0.015676,0.0153193,0.0156178,0.0161072,0.0161832,0.0161607,0.0163003,0.0163346,0.0158966,0.015895,0.0157718,0.0161089,0.0159007,0.0164451,0.0168586,0.0170125,0.0171991,0.0170562,
--------------result for group Meet--------------
Avg_AAR
-0.00304567,-0.000851869,-0.000377165,0.000422097,0.000451343,0.00123631,0.000224547,5.76744e-05,0.00171115,0.0033606,0.000601637,0.000519619,0.00141937,0.00259612,0.00340821,0.00198701,0.00127487,0.00152972,0.00306412,0.00203182,0.00351143,0.00249102,0.0024289,0.00285695,0.000494048,-0.00023967,-0.000669363,0.00265036,0.00290156,-0.00115667,0.00137917,0.000742963,0.00136595,-0.00111999,-0.00135892,-0.00183934,0.00122857,0.00031948,0.000701344,-0.00192404,-0.000594519,-0.0020709,-0.00101685,-0.000153536,-0.000358533,0.000271135,-0.000260779,-0.000395196,-0.00176565,-0.0003169,0.0012466,0.00111553,0.00123773,-0.000132279,0.00122054,-0.00026673,0.000413802,-0.000617304,-0.00170535,0.00106885,-0.000623496,0.00570649,0.00191422,0.00269957,0.00136485,0.000438213,0.000976365,0.00176546,0.00328272,0.00134665,0.00151205,-0.000180303,4.31209e-05,0.00021008,-0.0014051,-0.000350228,0.000928525,0.000884727,-0.000652304,-0.000531466,-0.00129874,0.000876801,-0.000560408,-0.000896566,-0.000427589,0.000432389,-0.00212027,0.000741965,-0.000205576,-0.00203919,-0.00295629,-0.000804924,-0.0012232,-0.00198,-0.0019031,-0.000952536,-0.00181902,-0.0016963,-0.00019269,-0.00155005,-0.0016153,-0.000599935,-0.00235749,-0.00215246,-0.000123951,-0.0019615,-0.00113116,-0.00216706,-0.00230938,-0.00146606,-0.000475569,-0.00173624,-0.00211526,-0.00246255,0.000486187,-0.00148077,-0.00123073,-5.21739e-05,0.000470084,0.000128454,-0.00161744,

   AAR_STD
0.00296989,0.00197545,0.00176084,0.00222813,0.00158131,0.00176135,0.00198714,0.00178477,0.00175272,0.00191383,0.00151764,0.00202951,0.00180332,0.00208913,0.00154702,0.00198,0.00212279,0.00209997,0.00171245,0.00175463,0.00180684,0.00195043,0.00200987,0.00181226,0.0015761,0.00217109,0.00199576,0.00248455,0.00166428,0.00179215,0.00163011,0.00207678,0.00170794,0.00194544,0.00171783,0.00153553,0.00138364,0.0016746,0.00127383,0.00143434,0.00143506,0.00160865,0.00175791,0.00143343,0.00151898,0.00166154,0.00143914,0.00116747,0.00139729,0.00136249,0.00212432,0.0014099,0.0013509,0.00115199,0.00133072,0.00146138,0.00157745,0.00138469,0.00140641,0.00144881,0.00259131,0.00348769,0.00204797,0.00146866,0.00186073,0.00151979,0.00153174,0.00132779,0.00181227,0.00157302,0.00141781,0.00144302,0.00126942,0.00144502,0.00125558,0.00126059,0.00112965,0.00120946,0.00152265,0.00129463,0.00119343,0.00105648,0.00127296,0.00130874,0.00149275,0.00117746,0.00143009,0.00117167,0.00133706,0.00203025,0.00155477,0.00164511,0.00153555,0.0015978,0.00119845,0.00145907,0.00174736,0.00123943,0.00127864,0.00130087,0.00128005,0.0011787,0.00173651,0.00135904,0.00127749,0.00099253,0.0010508,0.00122102,0.00132321,0.0016617,0.00153123,0.00130883,0.0012437,0.00142627,0.00112284,0.00147155,0.00142351,0.00127027,0.00151766,0.00158289,0.00157821,

Avg_CAAR
-0.00304567,-0.00389754,-0.0042747,-0.00385261,-0.00340126,-0.00216496,-0.00194041,-0.00188273,-0.000171581,0.00318902,0.00379066,0.00431028,0.00572965,0.00832577,0.011734,0.013721,0.0149959,0.0165256,0.0195897,0.0216215,0.025133,0.027624,0.0300529,0.0329098,0.0334039,0.0331642,0.0324948,0.0351452,0.0380468,0.0368901,0.0382693,0.0390122,0.0403782,0.0392582,0.0378992,0.0360599,0.0372885,0.037608,0.0383093,0.0363853,0.0357907,0.0337198,0.032703,0.0325495,0.0321909,0.0324621,0.0322013,0.0318061,0.0300404,0.0297235,0.0309701,0.0320857,0.0333234,0.0331911,0.0344117,0.0341449,0.0345587,0.0339414,0.0322361,0.0333049,0.0326814,0.0383879,0.0403021,0.0430017,0.0443666,0.0448048,0.0457811,0.0475466,0.0508293,0.052176,0.053688,0.0535077,0.0535508,0.0537609,0.0523558,0.0520056,0.0529341,0.0538188,0.0531665,0.0526351,0.0513363,0.0522131,0.0516527,0.0507562,0.0503286,0.050761,0.0486407,0.0493827,0.0491771,0.0471379,0.0441816,0.0433767,0.0421535,0.0401735,0.0382704,0.0373179,0.0354988,0.0338025,0.0336098,0.0320598,0.0304445,0.0298446,0.0274871,0.0253346,0.0252107,0.0232492,0.022118,0.019951,0.0176416,0.0161755,0.0156999,0.0139637,0.0118484,0.00938588,0.00987207,0.0083913,0.00716057,0.00710839,0.00757848,0.00770693,0.00608949,

  CAAR_STD
0.00296989,0.00346749,0.00417067,0.00490801,0.00502154,0.00482563,0.00463147,0.00465075,0.00464683,0.00528681,0.00515544,0.0055872,0.00596576,0.00595488,0.00615872,0.00637539,0.00654066,0.00694628,0.00752569,0.00759448,0.00789701,0.00779726,0.00855228,0.00864781,0.00879133,0.00928865,0.00940226,0.00927223,0.00945998,0.0092091,0.00869517,0.00873984,0.0089376,0.00902844,0.009342,0.0090238,0.00868094,0.00872122,0.00846869,0.00876274,0.00836241,0.0087499,0.00892725,0.00867035,0.00861121,0.00851725,0.00854292,0.00877236,0.00835385,0.008741,0.00853674,0.00880575,0.00887858,0.00918644,0.00908775,0.00951522,0.00945996,0.00887694,0.00915384,0.00894124,0.00928761,0.0104611,0.0105813,0.010904,0.0111028,0.011425,0.011836,0.0121847,0.0119223,0.0120955,0.0127408,0.0121909,0.0121429,0.0127045,0.0127624,0.0128177,0.0127112,0.0125479,0.0125364,0.0127814,0.0124053,0.0121348,0.0128197,0.0125518,0.0124777,0.0120448,0.0122058,0.012424,0.0124776,0.0127683,0.0125348,0.0123189,0.0118478,0.0121472,0.0121889,0.0122331,0.0118947,0.0116651,0.0118046,0.01187,0.0119159,0.0120281,0.0121036,0.011907,0.011717,0.0114892,0.0116331,0.0117707,0.0122012,0.0128196,0.0126129,0.012517,0.0123635,0.0125027,0.0122951,0.0128191,0.0129555,0.0127712,0.0128463,0.0128219,0.0127994,
--------------result for group Miss--------------
Avg_AAR
0.000568039,-0.00294129,-0.00123646,0.00123196,-0.00126343,0.000912166,0.000297074,-0.00155821,0.00239346,0.00233505,0.000837416,-0.000971135,-0.000836286,-0.000591478,0.00140016,0.00247329,1.9384e-05,0.00176563,0.00145817,0.00299406,0.00263642,0.0021166,0.00200194,0.00363617,0.0017846,-0.000966704,-0.00200871,0.00084264,0.00182105,-0.00223632,-0.00485908,0.000730557,0.0012497,-0.000334197,-0.00169938,0.00217621,0.00164682,0.00114804,-0.00349913,-0.00175041,-0.00177598,-0.00218869,-0.00125785,-0.00250012,-0.000382611,-0.0016235,-0.00359452,7.3981e-05,-0.000200009,0.00134437,-2.87116e-05,0.00151517,0.000152498,0.00113578,0.000660072,-0.000925143,0.000376921,-0.00139785,-0.00103223,-0.00285095,-0.0113534,-0.00821255,0.00342513,-0.000154302,0.00273696,-5.33702e-05,0.000863353,0.00174199,0.00291278,0.00185589,0.000672938,-0.000422003,0.00143649,-0.000122523,0.000361996,0.000956713,0.00180592,2.27734e-05,0.00125279,0.000292404,-0.00019352,0.0028961,0.000479532,0.00173979,0.0017758,-0.00141238,0.000143546,-0.000948967,-0.00159759,-0.000132115,-0.00155139,0.000880958,-0.0038556,-0.000680327,-0.00262375,-0.00139402,-0.00189275,-0.00345253,-0.00265661,-0.001623,-0.00125807,-0.00169482,-0.0033229,-0.00221177,-0.00141961,-0.00189316,-0.00218654,-0.00250405,-0.000928376,0.000551897,-0.000254049,-0.0011092,-0.00161461,-0.000219992,0.000464159,-0.00190858,6.72582e-05,-0.00162615,0.00144414,-0.000385035,-0.00169166,

   AAR_STD
0.00217305,0.0018614,0.00236891,0.00219876,0.00201157,0.00187335,0.00202918,0.00205654,0.00230335,0.00225205,0.00219379,0.00175064,0.00237209,0.00309605,0.0027015,0.00434027,0.00273323,0.00229481,0.00216977,0.00203012,0.00244661,0.00214179,0.00203254,0.00203889,0.00195789,0.00257208,0.00179855,0.00195304,0.00225617,0.00241418,0.00241096,0.00204288,0.00158987,0.00127529,0.0019032,0.0021626,0.00194372,0.00177548,0.00313839,0.00129887,0.00191586,0.00147943,0.00171771,0.00187421,0.00175085,0.00130749,0.00141317,0.00141111,0.00271448,0.00181297,0.00143029,0.00171045,0.00135385,0.00126989,0.00110884,0.00190817,0.0011232,0.00106682,0.00122786,0.00109984,0.00279572,0.00422498,0.00256646,0.00141132,0.0018766,0.00181424,0.00126554,0.00132307,0.0015639,0.00253725,0.00199518,0.00135463,0.00148028,0.00165884,0.00130183,0.00154229,0.00179663,0.00161798,0.00152259,0.00185548,0.00151536,0.00167518,0.00161625,0.00154076,0.00137117,0.00139224,0.00119703,0.00154887,0.00139442,0.00161864,0.00172497,0.00236279,0.001391,0.00245626,0.00118595,0.00159377,0.0015305,0.00152542,0.00157251,0.00103243,0.00184324,0.00188257,0.00142929,0.00130876,0.00145917,0.00146615,0.00147471,0.00113549,0.00185261,0.00152998,0.00146924,0.00135947,0.00158768,0.00141833,0.00118643,0.00142264,0.00137816,0.00164085,0.00153814,0.0013338,0.00178041,

Avg_CAAR
0.000568039,-0.00237325,-0.00360971,-0.00237774,-0.00364117,-0.00272901,-0.00243193,-0.00399014,-0.00159668,0.000738368,0.00157578,0.000604649,-0.000231637,-0.000823115,0.000577048,0.00305034,0.00306973,0.00483536,0.00629352,0.00928758,0.011924,0.0140406,0.0160425,0.0196787,0.0214633,0.0204966,0.0184879,0.0193305,0.0211516,0.0189153,0.0140562,0.0147868,0.0160365,0.0157023,0.0140029,0.0161791,0.0178259,0.0189739,0.0154748,0.0137244,0.0119484,0.00975974,0.00850189,0.00600177,0.00561916,0.00399566,0.000401137,0.000475118,0.000275108,0.00161948,0.00159077,0.00310594,0.00325844,0.00439422,0.00505429,0.00412915,0.00450607,0.00310822,0.00207599,-0.000774956,-0.0121283,-0.0203409,-0.0169157,-0.01707,-0.0143331,-0.0143865,-0.0135231,-0.0117811,-0.00886833,-0.00701244,-0.0063395,-0.00676151,-0.00532501,-0.00544754,-0.00508554,-0.00412883,-0.00232291,-0.00230014,-0.00104735,-0.000754943,-0.000948463,0.00194764,0.00242717,0.00416696,0.00594276,0.00453037,0.00467392,0.00372495,0.00212736,0.00199525,0.000443857,0.00132481,-0.00253079,-0.00321111,-0.00583487,-0.00722889,-0.00912163,-0.0125742,-0.0152308,-0.0168538,-0.0181118,-0.0198067,-0.0231296,-0.0253413,-0.0267609,-0.0286541,-0.0308406,-0.0333447,-0.0342731,-0.0337212,-0.0339752,-0.0350844,-0.036699,-0.036919,-0.0364549,-0.0383634,-0.0382962,-0.0399223,-0.0384782,-0.0388632,-0.0405549,

  CAAR_STD
0.00217305,0.00275792,0.0037235,0.00473513,0.0052526,0.00545688,0.00593922,0.0067499,0.00736178,0.00748196,0.00816628,0.0086297,0.00928468,0.0101676,0.0101081,0.011338,0.0117998,0.0114688,0.0115864,0.0115502,0.0118488,0.0118383,0.0116282,0.0113558,0.0119109,0.0117584,0.011972,0.0121005,0.0125746,0.0124851,0.0132394,0.0129415,0.0127449,0.0128234,0.0119112,0.0126141,0.0122307,0.0121257,0.012021,0.0118543,0.0124877,0.0126221,0.01222,0.0127869,0.0128306,0.0128056,0.0132385,0.0132193,0.0139179,0.0136408,0.0130459,0.0130322,0.0128241,0.0129946,0.0131407,0.0136957,0.0137712,0.0140244,0.0139765,0.0138382,0.0137737,0.0140268,0.0149807,0.0154233,0.014995,0.0146021,0.0146269,0.0145307,0.0141156,0.0138955,0.013542,0.0138379,0.0135213,0.0133572,0.0135619,0.0136143,0.013243,0.0139481,0.0139913,0.0139707,0.0136864,0.0137064,0.0137479,0.0134902,0.0134981,0.0135425,0.0134894,0.0139371,0.0141468,0.0140071,0.0138956,0.0139622,0.0139584,0.013655,0.0131451,0.0132442,0.0129741,0.0130434,0.0133824,0.0131789,0.0133435,0.0133811,0.0137938,0.0138016,0.0137906,0.013799,0.0143941,0.0143256,0.0142465,0.0146008,0.0139775,0.0136068,0.0138951,0.0138649,0.0143135,0.0143179,0.0148107,0.0144496,0.0139938,0.0142397,0.0141755,
