--------------result for group Beat--------------
Avg_AAR
-0.00120362,7.3149e-05,0.00269814,0.00283548,0.000271249,0.00086419,0.000132608,0.00150034,-0.000225869,0.000493965,0.00128037,-0.000158766,0.00327199,0.0027921,0.00130694,-0.00126356,4.02174e-05,-0.000375762,0.00107988,0.00277554,0.00373772,0.00378426,0.00353794,0.00751892,-0.000702325,0.00168577,-0.00283193,-0.000200749,0.00171666,-0.00185618,-0.00339295,-0.00141952,-0.000135229,-0.00188024,-0.000519868,-0.000606413,0.00215977,0.000474955,-6.231e-05,-0.00353283,-0.000846783,-0.00105797,6.86978e-05,0.00015621,-0.000532117,-0.000378428,-7.18537e-05,0.000417229,0.00046093,2.20794e-05,0.00168978,0.00383968,0.00176582,-0.000848589,-0.000746473,-0.000967329,-0.000583205,-0.000343049,-0.00085563,-0.00191623,-0.00118832,0.00707572,-0.00144907,0.00121573,0.000763723,0.000347223,0.00230622,0.00103853,0.00111336,0.000755751,0.00209571,0.00157736,0.00330753,-0.000118519,-2.67346e-05,0.00187017,0.00199984,0.000979313,0.000967257,-0.00144888,0.00140255,0.00170421,0.000952756,-0.00133835,-0.00186146,-0.0010112,-0.0020759,-0.00185254,-0.000170796,-0.000366409,0.000589936,-1.73099e-05,0.000811946,0.000693698,-0.000859796,-0.00260834,-0.00167908,0.000765152,-0.00243077,-0.00342275,-0.000776892,-0.000479715,-0.00279489,-0.00208447,-0.000860991,0.000686112,-0.00145405,-0.0038519,-0.00411987,0.000644165,0.00252545,0.000221382,0.00072579,-0.00221024,0.000671014,-0.00109739,-0.00196692,0.00406261,0.00196007,-0.000753339,-0.000985553,

   AAR_STD
 0.0025142,0.00240524,0.00203828,0.00313,0.00202305,0.00239656,0.00204218,0.00380449,0.00362013,0.00177045,0.00221255,0.00214206,0.00288387,0.00289455,0.00302189,0.00266822,0.00247747,0.00261251,0.00224996,0.00314571,0.00186404,0.00246686,0.00233014,0.00502506,0.00213895,0.00292469,0.00287546,0.00205146,0.00178616,0.00201995,0.00284109,0.00229699,0.00170216,0.00248646,0.00204107,0.00227102,0.00209856,0.00215325,0.00214598,0.00250247,0.00199553,0.00215355,0.00170894,0.00155565,0.0023519,0.00203426,0.00207979,0.00181627,0.00169934,0.00197182,0.00195864,0.00157584,0.00140807,0.00143871,0.00150275,0.00219863,0.00195158,0.00209882,0.00144319,0.00199077,0.00433823,0.00508616,0.00247562,0.0024796,0.00197513,0.00149592,0.001888,0.00200358,0.00173871,0.00204955,0.00154387,0.00164117,0.00164199,0.00157031,0.00149603,0.00141658,0.00183934,0.00173955,0.00192313,0.00143744,0.00141777,0.00146591,0.00146923,0.00181536,0.00186598,0.00155684,0.00151575,0.00156422,0.00174193,0.00176661,0.0014456,0.00182222,0.0017634,0.00164501,0.00157485,0.00176601,0.00155879,0.00166388,0.00187475,0.00177739,0.00130546,0.00158469,0.00132753,0.00152725,0.00133535,0.00191473,0.00150705,0.00209101,0.001648,0.00168131,0.0018137,0.00173525,0.00189109,0.00220039,0.00169127,0.00172691,0.00167995,0.00200853,0.0022434,0.00146646,0.00161055,

Avg_CAAR
-0.00120362,-0.00113047,0.00156767,0.00440314,0.00467439,0.00553858,0.00567119,0.00717153,0.00694566,0.00743962,0.00871999,0.00856123,0.0118332,0.0146253,0.0159323,0.0146687,0.0147089,0.0143332,0.015413,0.0181886,0.0219263,0.0257106,0.0292485,0.0367674,0.0360651,0.0377509,0.0349189,0.0347182,0.0364348,0.0345787,0.0311857,0.0297662,0.029631,0.0277507,0.0272309,0.0266244,0.0287842,0.0292592,0.0291969,0.025664,0.0248172,0.0237593,0.023828,0.0239842,0.0234521,0.0230736,0.0230018,0.023419,0.0238799,0.023902,0.0255918,0.0294315,0.0311973,0.0303487,0.0296022,0.0286349,0.0280517,0.0277087,0.026853,0.0249368,0.0237485,0.0308242,0.0293751,0.0305909,0.0313546,0.0317018,0.034008,0.0350466,0.0361599,0.0369157,0.0390114,0.0405887,0.0438963,0.0437778,0.043751,0.0456212,0.047621,0.0486003,0.0495676,0.0481187,0.0495213,0.0512255,0.0521782,0.0508399,0.0489784,0.0479672,0.0458913,0.0440388,0.043868,0.0435016,0.0440915,0.0440742,0.0448861,0.0455798,0.04472,0.0421117,0.0404326,0.0411978,0.038767,0.0353443,0.0345674,0.0340876,0.0312928,0.0292083,0.0283473,0.0290334,0.0275794,0.0237275,0.0196076,0.0202518,0.0227772,0.0229986,0.0237244,0.0215141,0.0221851,0.0210878,0.0191208,0.0231834,0.0251435,0.0243902,0.0234046,

  CAAR_STD
 0.0025142,0.00346332,0.00412347,0.00466244,0.00531242,0.00569192,0.00631769,0.00824123,0.00725306,0.0076522,0.00800998,0.00801953,0.00846507,0.00909966,0.0102786,0.0109347,0.0109928,0.0112664,0.0122981,0.0111856,0.011627,0.0106285,0.011462,0.0140944,0.0148262,0.0154651,0.0148457,0.0146367,0.0149945,0.0152237,0.0160176,0.0162974,0.0162806,0.0164825,0.0160028,0.0154519,0.0148735,0.0155734,0.015687,0.0156132,0.015377,0.015406,0.0154246,0.0151976,0.0151369,0.015185,0.0156351,0.0159122,0.0160758,0.0159442,0.0154732,0.0146556,0.0144614,0.0147294,0.0152385,0.0153765,0.0159354,0.0161111,0.0164124,0.0167973,0.0183686,0.0200692,0.0202967,0.0211701,0.0217673,0.0217974,0.0223338,0.02296,0.0232455,0.0222489,0.0221311,0.0226582,0.0232543,0.0225585,0.0221422,0.0217429,0.0219138,0.0217,0.0221834,0.0221988,0.0222155,0.0220998,0.0215341,0.0218007,0.0218176,0.0208256,0.0204646,0.0206408,0.0203222,0.0193022,0.0190944,0.0191102,0.0187358,0.0189643,0.018905,0.0188373,0.0182418,0.0179564,0.0178853,0.0179898,0.018289,0.0183688,0.0179638,0.0179165,0.018522,0.0191001,0.0190533,0.0197959,0.0194522,0.0195247,0.0192132,0.0187589,0.0190383,0.018536,0.0189198,0.0187771,0.019135,0.0197182,0.0203635,0.0205951,0.0204266,
--------------result for group Meet--------------
Avg_AAR
-0.00355034,-0.000860893,-0.000842677,-0.00015679,0.000790159,0.00125147,0.000170552,-9.56173e-05,0.00121604,0.0037961,0.000715586,0.001031,0.00176048,0.00321245,0.00280816,0.00182153,0.00178314,0.00161516,0.00283822,0.00184013,0.00263055,0.00331444,0.00233544,0.00318388,0.000223518,-0.000140812,-0.000581981,0.00298672,0.00301441,-0.00171702,0.0010097,0.0010608,0.00138441,-0.000346936,-0.00129455,-0.00188413,0.00136695,0.000626293,0.000796525,-0.00259029,-0.000116179,-0.00243403,-0.00101945,0.000100632,-0.000935463,3.42271e-06,-0.000408112,-0.000250193,-0.00170442,-6.5961e-05,0.000799569,0.00125892,0.00151641,0.000106916,0.00137923,-0.000498589,0.000203505,-0.000398023,-0.00161833,0.00125067,-0.000634781,0.00558648,0.00219662,0.00288464,0.00140631,0.000593769,0.000707732,0.0021123,0.00312448,0.00112167,0.0010655,-0.000333788,-0.000156267,0.000141654,-0.00137452,-0.000467616,0.00114334,0.000474063,-0.000203973,-0.000845977,-0.00108489,0.000714869,-0.000296408,-0.000833175,-0.000637006,2.76088e-05,-0.00216443,6.02934e-05,-0.00016012,-0.0018111,-0.0033524,-0.000873945,-0.000882982,-0.00206746,-0.00198072,-0.00148425,-0.001236,-0.00163094,-8.03416e-05,-0.00122641,-0.000950048,-0.000961082,-0.00328524,-0.0017377,-9.70277e-05,-0.00170615,-0.00103886,-0.00192644,-0.00228105,-0.00138313,-0.000891927,-0.00184599,-0.00133755,-0.00191097,0.00082015,-0.00115208,-0.000767024,0.000630914,0.000910598,0.000738536,-0.00121937,

   AAR_STD
0.00194785,0.00183875,0.00136112,0.00201457,0.00240663,0.00195368,0.00180657,0.00191478,0.00207847,0.00179365,0.00218671,0.00181588,0.00136846,0.00220045,0.00179592,0.00193325,0.00192311,0.00211654,0.00232074,0.0021473,0.00189424,0.00197783,0.00192574,0.00241833,0.00184888,0.00221756,0.00180574,0.00227863,0.00191922,0.00197847,0.00166493,0.00168253,0.00160645,0.00151515,0.00154882,0.00145433,0.00175589,0.00144502,0.00144623,0.00152102,0.00166156,0.00155374,0.00152773,0.00121707,0.0014821,0.00177974,0.00132424,0.00143115,0.00133997,0.00150897,0.00194346,0.00149875,0.00117177,0.00136121,0.00159357,0.00140399,0.00134014,0.00138612,0.00151134,0.00129395,0.00237493,0.00341171,0.00175649,0.00143189,0.00175686,0.00129432,0.00179138,0.00143054,0.00187636,0.0012676,0.00152146,0.00105437,0.00128785,0.00123737,0.00119703,0.00117186,0.0011802,0.00121605,0.00129679,0.00112393,0.00120437,0.000874833,0.0011418,0.0013366,0.000918996,0.00119345,0.00134805,0.0011312,0.001357,0.00186781,0.00107967,0.00144916,0.00129331,0.00167581,0.00124263,0.00122214,0.00147561,0.0013478,0.00127013,0.00143143,0.00153364,0.00161465,0.00136538,0.00136668,0.00114063,0.00120473,0.00108601,0.00114756,0.00100198,0.00161769,0.0012206,0.00112244,0.00132319,0.00139933,0.00135319,0.00113407,0.00139106,0.00145113,0.00105254,0.00191486,0.00167522,

Avg_CAAR
-0.00355034,-0.00441123,-0.00525391,-0.0054107,-0.00462054,-0.00336907,-0.00319851,-0.00329413,-0.00207809,0.00171802,0.0024336,0.0034646,0.00522509,0.00843753,0.0112457,0.0130672,0.0148504,0.0164655,0.0193037,0.0211439,0.0237744,0.0270889,0.0294243,0.0326082,0.0328317,0.0326909,0.0321089,0.0350956,0.03811,0.036393,0.0374027,0.0384635,0.0398479,0.039501,0.0382064,0.0363223,0.0376893,0.0383156,0.0391121,0.0365218,0.0364056,0.0339716,0.0329521,0.0330528,0.0321173,0.0321207,0.0317126,0.0314624,0.029758,0.029692,0.0304916,0.0317505,0.0332669,0.0333738,0.0347531,0.0342545,0.034458,0.03406,0.0324416,0.0336923,0.0330575,0.038644,0.0408406,0.0437253,0.0451316,0.0457254,0.0464331,0.0485454,0.0516699,0.0527915,0.053857,0.0535233,0.053367,0.0535086,0.0521341,0.0516665,0.0528099,0.0532839,0.0530799,0.052234,0.0511491,0.0518639,0.0515675,0.0507344,0.0500974,0.050125,0.0479605,0.0480208,0.0478607,0.0460496,0.0426972,0.0418233,0.0409403,0.0388728,0.0368921,0.0354079,0.0341719,0.0325409,0.0324606,0.0312342,0.0302841,0.029323,0.0260378,0.0243001,0.0242031,0.0224969,0.0214581,0.0195316,0.0172506,0.0158675,0.0149755,0.0131295,0.011792,0.00988102,0.0107012,0.00954909,0.00878207,0.00941298,0.0103236,0.0110621,0.00984275,

  CAAR_STD
0.00194785,0.00306555,0.00332662,0.0036072,0.0041869,0.00493928,0.00523952,0.00557631,0.00666019,0.00643976,0.00650407,0.00716486,0.00758589,0.00824172,0.00853505,0.00872693,0.00874185,0.00878995,0.00937842,0.00966877,0.0104483,0.0107257,0.0114277,0.01131,0.0114142,0.011765,0.0117253,0.0121239,0.0117317,0.0116886,0.0115512,0.0111486,0.0108313,0.0109981,0.0110454,0.0105479,0.0102928,0.0105501,0.0108515,0.0108615,0.0108793,0.011123,0.0108619,0.0111195,0.0114381,0.0115089,0.011505,0.0113499,0.0110858,0.0111671,0.0110857,0.0109878,0.011044,0.0109325,0.0109424,0.011426,0.0111036,0.0114259,0.0114673,0.0116739,0.0120733,0.0127303,0.0132748,0.0135092,0.0139515,0.0140531,0.0144831,0.0148549,0.0143687,0.0144733,0.0148586,0.0147347,0.0145272,0.0145049,0.0146098,0.0144702,0.0143161,0.0146281,0.0146154,0.0147472,0.0147572,0.0148988,0.0150842,0.014897,0.0147857,0.0147276,0.0147297,0.0149022,0.0148986,0.0150822,0.0151615,0.015112,0.0148173,0.0149321,0.0149007,0.0146817,0.0142642,0.0139916,0.0140959,0.0140656,0.0141637,0.0140047,0.0137315,0.0133909,0.0132499,0.0134249,0.0134899,0.013346,0.0134342,0.0135731,0.0135563,0.0136665,0.0135124,0.0133539,0.0129855,0.0132576,0.013353,0.013177,0.0132914,0.013041,0.0128639,
--------------result for group Miss--------------
Avg_AAR
0.000926472,-0.00308524,-0.000997201,0.000825864,-0.000685771,0.0014155,0.000643158,-0.00161232,0.00205078,0.00235538,0.000655032,-0.00059252,-0.000950144,-0.000792897,0.00139127,0.00333551,-0.000684759,0.00180189,0.00116664,0.00363395,0.00263907,0.000818816,0.00170759,0.00365708,0.00204585,-0.000602687,-0.00149477,-0.00020793,0.00218743,-0.00159511,-0.00432284,-0.00122976,0.00175993,1.99759e-05,-0.00186551,0.00190996,0.00110484,0.00117453,-0.00345474,-0.00186362,-0.00173934,-0.00213644,-0.000716604,-0.00251444,-0.00059187,-0.00157195,-0.00326937,0.000462949,0.000680114,0.00090061,-0.000170298,0.00110408,0.000171696,0.00114597,0.00124579,-0.0012478,0.000543634,-0.00161463,-0.00127876,-0.0028195,-0.0109183,-0.00816525,0.00345861,0.000127974,0.00279276,-0.000114795,0.000694205,0.00146638,0.00268211,0.00226631,0.00147134,-0.000569232,0.00127171,0.000588895,0.000392291,0.00130354,0.00201156,-0.000165385,0.00135588,0.000466289,-0.000267477,0.00246597,0.000464864,0.00172233,0.00191037,-0.0012059,0.000377911,-0.00101365,-0.00147456,-0.000614901,-0.0015884,0.000257524,-0.00313582,-0.000654179,-0.00283216,-0.000822845,-0.00206653,-0.00333433,-0.00289307,-0.00178502,-0.001274,-0.00150759,-0.0032446,-0.0022314,-0.00192706,-0.00152438,-0.00205653,-0.00280722,-0.000825962,0.000302525,2.58062e-05,-0.0011789,-0.00193786,-0.000288431,0.0002846,-0.00226479,0.000588025,-0.0020376,0.00143991,-0.000443247,-0.00213624,

   AAR_STD
0.00205941,0.00239009,0.00214664,0.00195443,0.00219233,0.00185404,0.00218188,0.00242929,0.00226263,0.00219684,0.00260127,0.00200246,0.00229722,0.00233368,0.00274946,0.00483368,0.00250851,0.00268921,0.00228166,0.00216205,0.00267638,0.00161628,0.00216689,0.0022278,0.00194345,0.00207512,0.00213867,0.00158314,0.00199864,0.00183459,0.00209647,0.00249617,0.00160289,0.00188203,0.00176843,0.00205837,0.00198216,0.00194061,0.00322546,0.00138477,0.00161617,0.00177325,0.00147852,0.00218373,0.00129336,0.00131759,0.00137525,0.0018927,0.00306864,0.00136812,0.00154468,0.00167598,0.0013843,0.00144522,0.00127786,0.00155064,0.00144568,0.00125943,0.0016175,0.00142479,0.00249135,0.00419696,0.00188965,0.00145476,0.0016157,0.00136313,0.00176077,0.00125885,0.00120566,0.00254424,0.00244949,0.00137299,0.00156258,0.00153988,0.00139743,0.00150533,0.00169253,0.00147974,0.0014259,0.00155946,0.00141104,0.00194208,0.00146429,0.00149194,0.00149416,0.00152583,0.0011588,0.00197101,0.0015048,0.001536,0.00125405,0.00184894,0.00145543,0.00256545,0.00139525,0.00144204,0.00171446,0.00138361,0.00129911,0.00129295,0.00127431,0.00193151,0.00132109,0.00194874,0.00135668,0.00117526,0.00143097,0.00118322,0.00157824,0.00146735,0.00116405,0.00148746,0.00134484,0.00155921,0.00125202,0.0015508,0.00144809,0.00180992,0.00163556,0.00136389,0.00198087,

Avg_CAAR
0.000926472,-0.00215876,-0.00315596,-0.0023301,-0.00301587,-0.00160037,-0.000957215,-0.00256954,-0.000518757,0.00183662,0.00249165,0.00189913,0.000948989,0.000156092,0.00154737,0.00488288,0.00419812,0.00600001,0.00716665,0.0108006,0.0134397,0.0142585,0.0159661,0.0196231,0.021669,0.0210663,0.0195715,0.0193636,0.021551,0.0199559,0.0156331,0.0144033,0.0161633,0.0161832,0.0143177,0.0162277,0.0173325,0.018507,0.0150523,0.0131887,0.0114494,0.00931291,0.00859631,0.00608187,0.00549,0.00391805,0.000648676,0.00111163,0.00179174,0.00269235,0.00252205,0.00362613,0.00379782,0.0049438,0.00618959,0.00494179,0.00548542,0.0038708,0.00259203,-0.000227469,-0.0111458,-0.0193111,-0.0158525,-0.0157245,-0.0129317,-0.0130465,-0.0123523,-0.0108859,-0.00820382,-0.00593751,-0.00446617,-0.0050354,-0.00376369,-0.0031748,-0.00278251,-0.00147897,0.000532591,0.000367206,0.00172309,0.00218938,0.0019219,0.00438788,0.00485274,0.00657507,0.00848545,0.00727955,0.00765746,0.00664381,0.00516925,0.00455435,0.00296595,0.00322347,8.76504e-05,-0.000566529,-0.00339869,-0.00422153,-0.00628806,-0.0096224,-0.0125155,-0.0143005,-0.0155745,-0.0170821,-0.0203267,-0.0225581,-0.0244851,-0.0260095,-0.028066,-0.0308733,-0.0316992,-0.0313967,-0.0313709,-0.0325498,-0.0344876,-0.0347761,-0.0344915,-0.0367563,-0.0361682,-0.0382058,-0.0367659,-0.0372092,-0.0393454,

  CAAR_STD
0.00205941,0.00281754,0.00349644,0.00415404,0.00444111,0.00461764,0.00502576,0.00575813,0.00601083,0.00659135,0.00758836,0.00739903,0.00808311,0.00829554,0.00916941,0.011372,0.0110244,0.0117615,0.0122548,0.0120523,0.0120785,0.0118846,0.0117639,0.0118651,0.0124436,0.0126774,0.012994,0.0135561,0.0144183,0.013958,0.0143459,0.0136878,0.0136696,0.0138116,0.0135007,0.0132401,0.0128267,0.0126769,0.0117326,0.0120546,0.0126387,0.0130331,0.0130487,0.0135751,0.0134333,0.0133807,0.0134361,0.0130902,0.0134843,0.0132614,0.0124521,0.012455,0.0125286,0.0125834,0.0125274,0.0132231,0.0136234,0.014187,0.0141875,0.0144494,0.0149648,0.0154292,0.0156222,0.0156221,0.0156583,0.0159729,0.0154317,0.015607,0.015355,0.015241,0.0144327,0.0148817,0.0148153,0.0150429,0.0151417,0.0150075,0.0146963,0.0149572,0.0148786,0.0146801,0.0145547,0.0147977,0.0147423,0.0145087,0.0146507,0.0145857,0.0151253,0.0153812,0.0154443,0.0152117,0.0150219,0.0148642,0.0149619,0.0146284,0.0145255,0.0143966,0.0142191,0.0143652,0.014324,0.0137452,0.0142487,0.0143548,0.014675,0.0146001,0.014479,0.0144029,0.0148094,0.0148678,0.0151064,0.0151195,0.0150293,0.0146378,0.014582,0.0143711,0.0148362,0.0148859,0.0151887,0.0149277,0.0147358,0.0148634,0.014873,
