-60.000000 -0.036608
-59.000000 -0.037469
-58.000000 -0.038311
-57.000000 -0.038468
-56.000000 -0.037678
-55.000000 -0.036427
-54.000000 -0.036256
-53.000000 -0.036352
-52.000000 -0.035136
-51.000000 -0.031340
-50.000000 -0.030624
-49.000000 -0.029593
-48.000000 -0.027832
-47.000000 -0.024620
-46.000000 -0.021812
-45.000000 -0.019990
-44.000000 -0.018207
-43.000000 -0.016592
-42.000000 -0.013754
-41.000000 -0.011914
-40.000000 -0.009283
-39.000000 -0.005969
-38.000000 -0.003633
-37.000000 -0.000449
-36.000000 -0.000226
-35.000000 -0.000367
-34.000000 -0.000949
-33.000000 0.002038
-32.000000 0.005053
-31.000000 0.003335
-30.000000 0.004345
-29.000000 0.005406
-28.000000 0.006790
-27.000000 0.006443
-26.000000 0.005149
-25.000000 0.003265
-24.000000 0.004632
-23.000000 0.005258
-22.000000 0.006055
-21.000000 0.003464
-20.000000 0.003348
-19.000000 0.000914
-18.000000 -0.000105
-17.000000 -0.000005
-16.000000 -0.000940
-15.000000 -0.000937
-14.000000 -0.001345
-13.000000 -0.001595
-12.000000 -0.003300
-11.000000 -0.003365
-10.000000 -0.002566
-9.000000 -0.001307
-8.000000 0.000209
-7.000000 0.000316
-6.000000 0.001696
-5.000000 0.001197
-4.000000 0.001400
-3.000000 0.001002
-2.000000 -0.000616
-1.000000 0.000635
0.000000 0.000000
1.000000 0.005586
2.000000 0.007783
3.000000 0.010668
4.000000 0.012074
5.000000 0.012668
6.000000 0.013376
7.000000 0.015488
8.000000 0.018612
9.000000 0.019734
10.000000 0.020800
11.000000 0.020466
12.000000 0.020309
13.000000 0.020451
14.000000 0.019077
15.000000 0.018609
16.000000 0.019752
17.000000 0.020226
18.000000 0.020022
19.000000 0.019176
20.000000 0.018092
21.000000 0.018806
22.000000 0.018510
23.000000 0.017677
24.000000 0.017040
25.000000 0.017067
26.000000 0.014903
27.000000 0.014963
28.000000 0.014803
29.000000 0.012992
30.000000 0.009640
31.000000 0.008766
32.000000 0.007883
33.000000 0.005815
34.000000 0.003835
35.000000 0.002350
36.000000 0.001114
37.000000 -0.000517
38.000000 -0.000597
39.000000 -0.001823
40.000000 -0.002773
41.000000 -0.003734
42.000000 -0.007020
43.000000 -0.008757
44.000000 -0.008854
45.000000 -0.010561
46.000000 -0.011599
47.000000 -0.013526
48.000000 -0.015807
49.000000 -0.017190
50.000000 -0.018082
51.000000 -0.019928
52.000000 -0.021266
53.000000 -0.023177
54.000000 -0.022356
55.000000 -0.023508
56.000000 -0.024275
57.000000 -0.023645
58.000000 -0.022734
59.000000 -0.021995
60.000000 -0.023215
