-60.000000 0.012072
-59.000000 0.008987
-58.000000 0.007990
-57.000000 0.008816
-56.000000 0.008130
-55.000000 0.009545
-54.000000 0.010189
-53.000000 0.008576
-52.000000 0.010627
-51.000000 0.012982
-50.000000 0.013637
-49.000000 0.013045
-48.000000 0.012095
-47.000000 0.011302
-46.000000 0.012693
-45.000000 0.016029
-44.000000 0.015344
-43.000000 0.017146
-42.000000 0.018312
-41.000000 0.021946
-40.000000 0.024585
-39.000000 0.025404
-38.000000 0.027112
-37.000000 0.030769
-36.000000 0.032815
-35.000000 0.032212
-34.000000 0.030717
-33.000000 0.030509
-32.000000 0.032697
-31.000000 0.031102
-30.000000 0.026779
-29.000000 0.025549
-28.000000 0.027309
-27.000000 0.027329
-26.000000 0.025464
-25.000000 0.027373
-24.000000 0.028478
-23.000000 0.029653
-22.000000 0.026198
-21.000000 0.024335
-20.000000 0.022595
-19.000000 0.020459
-18.000000 0.019742
-17.000000 0.017228
-16.000000 0.016636
-15.000000 0.015064
-14.000000 0.011794
-13.000000 0.012257
-12.000000 0.012938
-11.000000 0.013838
-10.000000 0.013668
-9.000000 0.014772
-8.000000 0.014944
-7.000000 0.016090
-6.000000 0.017335
-5.000000 0.016088
-4.000000 0.016631
-3.000000 0.015017
-2.000000 0.013738
-1.000000 0.010918
0.000000 0.000000
1.000000 -0.008165
2.000000 -0.004707
3.000000 -0.004579
4.000000 -0.001786
5.000000 -0.001901
6.000000 -0.001206
7.000000 0.000260
8.000000 0.002942
9.000000 0.005208
10.000000 0.006680
11.000000 0.006110
12.000000 0.007382
13.000000 0.007971
14.000000 0.008363
15.000000 0.009667
16.000000 0.011678
17.000000 0.011513
18.000000 0.012869
19.000000 0.013335
20.000000 0.013068
21.000000 0.015534
22.000000 0.015999
23.000000 0.017721
24.000000 0.019631
25.000000 0.018425
26.000000 0.018803
27.000000 0.017790
28.000000 0.016315
29.000000 0.015700
30.000000 0.014112
31.000000 0.014369
32.000000 0.011233
33.000000 0.010579
34.000000 0.007747
35.000000 0.006924
36.000000 0.004858
37.000000 0.001523
38.000000 -0.001370
39.000000 -0.003155
40.000000 -0.004429
41.000000 -0.005936
42.000000 -0.009181
43.000000 -0.011412
44.000000 -0.013339
45.000000 -0.014864
46.000000 -0.016920
47.000000 -0.019727
48.000000 -0.020553
49.000000 -0.020251
50.000000 -0.020225
51.000000 -0.021404
52.000000 -0.023342
53.000000 -0.023630
54.000000 -0.023346
55.000000 -0.025610
56.000000 -0.025022
57.000000 -0.027060
58.000000 -0.025620
59.000000 -0.026063
60.000000 -0.028200
