0.000000 -0.062646
0.000000 -0.057986
0.000000 -0.053326
0.000000 -0.048666
0.000000 -0.044006
0.000000 -0.039345
0.000000 -0.034685
0.000000 -0.030025
0.000000 -0.025365
0.000000 -0.020705
0.000000 -0.016045
0.000000 -0.011385
0.000000 -0.006725
0.000000 -0.002064
0.000000 0.002596
0.000000 0.007256
0.000000 0.011916
0.000000 0.016576
0.000000 0.021236
0.000000 0.025896
0.000000 0.030556
0.000000 0.035217
0.000000 0.039877
0.000000 0.044537
0.000000 0.049197
0.000000 0.053857
0.000000 0.058517
0.000000 0.063177
0.000000 0.067837
0.000000 0.072498
0.000000 0.077158
